940
3361
1756
263
4749
1611
2126
3483
3672
1577
2271
207
1868
3825
4446
492
2620
2334
3551
1315
2997
3451
3544
1872
1053
4519
664
4470
693
1457
96
104
3698
3505
2721
2453
2857
1116
4996
4113
2600
2957
2604
2301
4230
2921
2642
1879
1612
3985
581
3174
2283
3303
1700
1517
2961
1237
4640
4744
4942
748
3412
1532
2285
1585
108
2652
4535
743
2821
3492
3951
3489
745
1782
1638
4419
662
852
4652
143
3032
3180
1008
692
1349
3156
4883
3906
3777
255
4143
836
2167
2287
631
1458
584
3004
4153
313
1289
1497
4168
1375
1873
2014
3573
4510
2539
490
3320
660
4539
1331
1790
2087
4297
4882
1742
3704
4958
2298
2790
1927
2103
273
3327
4568
2928
1049
3022
1079
1407
4537
275
3331
1984
4993
271
726
3447
4079
3117
4425
961
113
270
4737
2372
3149
3288
2363
1246
1547
3440
4174
904
369
2556
3038
2791
2214
373
3870
2075
3330
3588
667
2294
4751
4545
2329
3831
3001
4798
4760
1308
331
4420
212
2402
2825
489
3458
4802
4371
1903
101
3270
685
3626
1047
4831
3998
864
3301
4915
2203
3272
2912
4345
641
4873
1342
967
132
3554
2222
4495
2221
2244
237
359
1114
1177
3456
1938
3953
3243
1610
4797
3583
2518
1152
1962
2302
2155
3603
2654
2452
1306
2798
2560
1300
485
1930
1755
1709
3576
2042
4197
1233
2546
2726
4072
2859
3139
3898
1991
93
3201
2383
985
3353
1097
3537
618
653
2360
4102
734
620
604
1774
1309
4635
1555
1543
3170
1722
1025
4475
3009
1386
535
4214
1199
4452
2121
3052
824
1977
2444
527
3858
861
3432
2396
3003
1439
3015
4139
4306
319
696
289
4501
4941
1724
601
107
2958
2095
1888
3832
2984
630
4289
4720
4050
3879
2279
1446
4899
2129
2886
1573
2755
3099
2009
467
2233
4651
4586
426
4331
2618
2267
1947
4120
4920
2635
683
4381
4443
84
2177
3859
4088
2723
2116
4734
248
1417
4676
445
2797
3767
4243
59
1069
3191
1314
1860
528
3234
3836
1410
2813
4757
4110
4032
41
1316
2164
2704
2598
4904
1212
142
1785
567
4226
1730
1385
2965
1690
815
2369
1791
1512
2261
4669
330
738
2944
2123
784
2316
1749
1194
1138
2876
3947
3969
3920
3240
2702
800
3367
2182
934
2394
4440
1056
1899
188
1948
2837
2735
102
1604
750
4287
1167
2662
2362
193
217
4556
4096
1570
1024
3595
3886
230
3680
1900
974
2943
3479
2781
3317
3211
2774
3019
1721
1232
2284
3083
1883
4708
4161
1712
4701
1682
3768
4191
279
1108
4878
808
2476
4648
3277
2549
593
196
386
1897
3394
831
560
3734
553
532
4370
1572
766
85
939
1760
3546
1188
1743
1228
3729
4236
2013
4471
3893
2282
1432
2083
998
4461
2322
4439
2705
119
2541
4309
3671
1704
747
4715
1299
3594
4592
244
1450
428
2895
351
3165
4477
2903
937
978
3469
1244
3340
2358
2671
2905
2340
4248
12
236
4423
3514
3233
3575
1260
2907
1013
965
3637
2202
2107
2750
4283
4509
4948
3679
30
4374
1994
3622
2529
2649
3349
3970
4822
3205
2706
4457
4240
1531
3625
2493
2629
975
178
192
621
1736
4404
25
2371
2466
3590
1075
239
18
2910
4554
2833
4317
4502
2486
4926
1282
2780
292
3996
4858
4786
4585
2405
710
871
3251
4156
4399
4335
1649
1304
4179
4434
2900
88
4792
4877
147
293
4319
4013
440
1537
4354
1184
3352
1865
4604
2722
3081
76
225
3789
4145
3192
3903
3249
3682
382
540
327
4147
3701
2147
2835
2421
4842
3724
245
3065
2994
4567
1548
2406
2498
3231
3937
4898
1207
4042
1012
3072
3543
1571
4974
4253
3284
2171
4395
58
1877
1400
993
3077
507
1045
2034
75
2658
126
4340
4073
3438
2590
2056
4347
1744
4454
4367
4279
3354
176
4818
2692
1949
56
3159
1816
4940
184
1582
4315
1361
2257
87
4889
2023
3513
3761
781
4553
243
1425
4257
1593
1279
3222
4034
3054
3736
4487
1901
309
4357
3686
1958
1200
3016
379
4967
3915
2438
1862
4776
258
4692
115
4713
367
2794
1276
322
1151
418
1048
542
530
1818
2574
801
3527
2816
3418
2624
1285
4507
1248
1758
2524
1196
600
4718
3567
2389
1131
252
2281
2716
1545
556
830
3885
46
3555
659
3931
721
4146
4863
1884
3844
4414
1812
308
4743
787
2738
3964
1091
1372
2204
3655
1655
3055
3975
2792
1979
797
2843
4104
483
4263
789
2934
2194
676
3487
2469
3703
1913
3085
1809
1016
4342
2003
2277
4029
4135
3050
4293
1973
66
3012
1371
4231
964
647
4513
1438
3221
371
973
4970
3499
3650
2122
2814
2939
4207
1163
3163
4620
4489
3593
3917
336
2569
2441
1322
2098
3176
2089
4589
3664
57
1032
3436
4972
3164
2207
4043
724
186
4933
3534
669
2866
812
700
4144
719
1063
4002
2815
4409
4026
705
2054
2537
4030
3572
855
3716
4726
1936
1754
3995
312
4654
4265
851
3880
652
3381
3188
4359
2300
4387
2338
4986
686
2542
4906
3336
3813
4727
913
99
4220
1376
361
2557
1072
3244
387
1933
366
3766
2220
135
3652
2565
2731
2241
772
1164
3152
827
3598
3088
2532
4447
1764
3241
1132
2732
455
4631
1518
677
1272
2045
287
3345
4064
4846
1444
2291
2785
2468
3407
1615
1482
385
2401
988
1176
4978
249
505
3146
1569
2140
3057
536
256
381
2902
4121
1139
803
484
1863
1365
548
614
1597
3122
4118
4530
2018
4259
2106
986
3068
3428
3061
1484
393
4276
3718
209
1046
596
4221
4923
434
1229
1894
1796
3184
2619
3013
897
1418
3515
3794
3220
234
1995
251
2757
3744
4984
133
1330
2495
4755
2084
3780
3866
